805597952
835924582
586646345
679746136
280377101
354775972
840100302
730338772
106567386
271649019
655346650
932354830
970155047
417670251
839225384
482148028
829581800
930832612
28010441
833209134
329625997
583130663
986517867
522049910
529222973
834259319
655335499
845548291
185864621
640752581
235712229
331259851
510701109
429929408
948737802
950435677
345464604
920250351
251947772
644505142
175433958
651892529
546301398
707768593
176251408
190295898
589568761
867418529
440836787
31050768
483694870
274388805
200213154
819626888
597447950
35680324
697771935
49074420
503808793
994520257
332973069
67714872
609064302
188905152
758751739
393967121
119031904
666555898
420159504
226355356
410992562
447875226
825456038
241971586
511658240
127278866
36908567
219259950
552181928
504881486
253723019
769216024
26055180
306113973
264056427
992743334
511302102
511774797
641099056
428542719
718260275
773774804
910293359
142416597
978287609
383505788
488652020
815706683
459182502
727617452
915796090
